Client: 6.54096945789
Server: 20.3317599376