Client:  7.14562191454
Server:  11.9537953085