--------------------------------------------------------------------------
Client
Try-catch: 0.07201152184349496
Promises: 0.01614258281325012
Async-await: 0.0
Callbacks: 0.11107777244359097
Events: 0.0078612578012482
Server
Try-catch: 0.1116178588574172
Promises: 0.02940470475276044
Async-await: 0.000300048007681229
Callbacks: 0.2701632261161786
Events: 0.05016802688430149
--------------------------------------------------------------------------
Client
Try-catch: 0.029224675948151705
Promises: 0.0007801248199711954
Async-await: 0.0
Callbacks: 0.0013802208353336533
Events: 0.0078612578012482
Server
Try-catch: 0.028324531925108018
Promises: 0.0013202112337974076
Async-await: 6.0009601536245796e-05
Callbacks: 0.014462313970235237
Events: 0.05016802688430149
--------------------------------------------------------------------------